Transformation=2DAffine+UTMZone+Aux
Punkt0.x=0.000000000000
Punkt0.y=0.000000000000
Punkt0_t.x=681962.000000000000
Punkt0_t.y=5397203.000000000000
Alpha=0.000000000000
Skalierung.x=1.500000000000
Skalierung.y=1.500000000000
Scherung=0.000000000000
UTMZone=32U
Groesse.x=1500.000000000000
Groesse.y=6000.000000000000
png=1
