Transformation=2DAffine+UTMZone+Aux
Punkt0.x=0.000000000000
Punkt0.y=0.000000000000
Punkt0_t.x=687000.000001341105
Punkt0_t.y=5400302.600001340732
Alpha=0.000000000000
Skalierung.x=0.200000000000
Skalierung.y=0.200000000000
Scherung=0.000000000000
UTMZone=32U
Groesse.x=1000.000000000046
Groesse.y=366.800000000017
png=1
