Transformation=2DAffine+UTMZone+Aux
Punkt0.x=0.000000000000
Punkt0.y=0.000000000000
Punkt0_t.x=689000.000001341105
Punkt0_t.y=5400916.000001341105
Alpha=0.000000000000
Skalierung.x=0.200000000000
Skalierung.y=0.199999999999
Scherung=0.000000000000
UTMZone=32U
Groesse.x=227.799999999977
Groesse.y=83.799999999991
png=1
