Transformation=2DAffine+UTMZone+Aux
Punkt0.x=0.000000000000
Punkt0.y=0.000000000000
Punkt0_t.x=690000.000001341105
Punkt0_t.y=5401167.200001341291
Alpha=0.000000000000
Skalierung.x=0.200000000000
Skalierung.y=0.200000000000
Scherung=0.000000000000
UTMZone=32U
Groesse.x=437.200000000000
Groesse.y=832.600000000000
png=1
