Transformation=2DAffine+UTMZone+Aux
Punkt0.x=0.000000000000
Punkt0.y=0.000000000000
Punkt0_t.x=691000.000001341105
Punkt0_t.y=5404239.800001340918
Alpha=0.000000000000
Skalierung.x=0.200000000000
Skalierung.y=0.200000000000
Scherung=0.000000000000
UTMZone=32U
Groesse.x=805.000000000047
Groesse.y=495.600000000029
png=1
