Transformation=2DAffine+UTMZone+Aux
Punkt0.x=0.000000000000
Punkt0.y=0.000000000000
Punkt0_t.x=692000.000001341105
Punkt0_t.y=5401814.600001340732
Alpha=0.000000000000
Skalierung.x=0.200000000000
Skalierung.y=0.200000000000
Scherung=0.000000000000
UTMZone=32U
Groesse.x=803.799999999977
Groesse.y=185.199999999995
png=1
